44.000 0.010 100
4.560 16.626 27.574 0.000 0.000 0.000 999999632986224984064.000
3.052 4.902 4.843 0.000 0.000 0.000 1000000762627393847296.000
34.515 43.546 18.573 0.000 0.000 0.000 1000001918723795714048.000
32.754 13.838 17.458 0.000 0.000 0.000 999997453553815781376.000
0.107 32.272 5.351 0.000 0.000 0.000 1000001424455005503488.000
24.063 5.291 8.945 0.000 0.000 0.000 1000000626410088169472.000
9.475 31.162 7.848 0.000 0.000 0.000 999999019496760934400.000
41.426 16.891 12.344 0.000 0.000 0.000 999999831423987351552.000
24.647 39.380 18.428 0.000 0.000 0.000 999999929242251427840.000
7.960 24.448 21.757 0.000 0.000 0.000 1000000076184160567296.000
3.576 38.398 18.076 0.000 0.000 0.000 1000000723893268774912.000
14.438 9.572 25.486 0.000 0.000 0.000 999999983189280030720.000
12.388 18.589 27.879 0.000 0.000 0.000 999998223165701619712.000
22.408 25.482 19.506 0.000 0.000 0.000 999999156186865729536.000
32.032 28.114 18.981 0.000 0.000 0.000 1000000542564298522624.000
30.933 4.052 32.645 0.000 0.000 0.000 999998593108818919424.000
39.226 3.899 1.063 0.000 0.000 0.000 1000000762331790311424.000
30.131 3.738 28.610 0.000 0.000 0.000 1000000551591697448960.000
12.609 32.302 19.819 0.000 0.000 0.000 1000000211421565812736.000
10.008 33.418 21.846 0.000 0.000 0.000 1000002188896161497088.000
30.437 23.235 21.654 0.000 0.000 0.000 999999649938445828096.000
3.076 35.858 40.352 0.000 0.000 0.000 999999770219158044672.000
1.782 23.642 15.569 0.000 0.000 0.000 1000001364042059350016.000
17.930 17.783 33.254 0.000 0.000 0.000 1000000579657815293952.000
38.111 18.321 16.814 0.000 0.000 0.000 999999762031592996864.000
40.781 30.547 10.638 0.000 0.000 0.000 1000000190692107485184.000
0.781 33.092 33.801 0.000 0.000 0.000 1000000982968452120576.000
43.519 40.362 20.310 0.000 0.000 0.000 1000000498613449392128.000
26.484 9.384 8.818 0.000 0.000 0.000 1000000464735134547968.000
14.566 19.047 38.761 0.000 0.000 0.000 999999043513431097344.000
23.508 32.694 10.920 0.000 0.000 0.000 1000001871109478940672.000
6.366 43.326 10.429 0.000 0.000 0.000 999999495181516800000.000
42.643 36.302 8.157 0.000 0.000 0.000 999999498954883465216.000
10.642 20.228 41.604 0.000 0.000 0.000 1000000615798734323712.000
1.805 19.713 11.078 0.000 0.000 0.000 1000000405332382449664.000
15.240 19.612 24.889 0.000 0.000 0.000 1000001845821055959040.000
38.210 43.021 43.287 0.000 0.000 0.000 1000000083586696871936.000
21.292 43.900 10.286 0.000 0.000 0.000 999998107776609026048.000
1.501 3.713 38.165 0.000 0.000 0.000 999998315551929925632.000
8.966 39.909 25.957 0.000 0.000 0.000 999997130859084775424.000
33.390 5.801 1.994 0.000 0.000 0.000 999999401206783148032.000
13.485 15.108 20.143 0.000 0.000 0.000 999999280171571478528.000
27.231 11.885 26.853 0.000 0.000 0.000 1000000467510011101184.000
19.171 15.627 41.967 0.000 0.000 0.000 999998275939863756800.000
31.134 41.006 18.841 0.000 0.000 0.000 1000000864919326556160.000
39.747 39.736 21.739 0.000 0.000 0.000 1000000159468672909312.000
12.085 35.031 24.123 0.000 0.000 0.000 1000001391369686876160.000
43.190 18.799 5.274 0.000 0.000 0.000 999999267116880363520.000
35.930 18.173 15.036 0.000 0.000 0.000 1000001199803681210368.000
17.281 30.969 33.656 0.000 0.000 0.000 1000000943267905798144.000
28.789 16.141 21.973 0.000 0.000 0.000 1000001369466619691008.000
3.109 38.725 16.400 0.000 0.000 0.000 999998315722730242048.000
43.720 16.831 5.564 0.000 0.000 0.000 1000000908689854431232.000
31.854 32.518 19.573 0.000 0.000 0.000 999998681241337331712.000
42.879 31.909 25.176 0.000 0.000 0.000 999999976946675482624.000
2.699 12.422 25.760 0.000 0.000 0.000 1000000122263499046912.000
12.284 11.210 28.202 0.000 0.000 0.000 999999093729986871296.000
37.814 6.464 35.360 0.000 0.000 0.000 1000000872828394799104.000
41.997 37.374 17.798 0.000 0.000 0.000 1000000459087258845184.000
26.873 25.692 29.250 0.000 0.000 0.000 1000002536256438272000.000
2.783 17.225 37.137 0.000 0.000 0.000 999999513697223966720.000
29.470 5.950 13.043 0.000 0.000 0.000 999999811420124348416.000
17.047 38.702 13.147 0.000 0.000 0.000 1000000456159978061824.000
3.785 30.933 30.034 0.000 0.000 0.000 999999215539898810368.000
2.703 24.357 0.125 0.000 0.000 0.000 1000000038572621037568.000
2.115 14.520 43.661 0.000 0.000 0.000 999999491329415315456.000
34.179 42.384 4.189 0.000 0.000 0.000 999999936421045600256.000
15.926 32.586 15.727 0.000 0.000 0.000 999999027157124251648.000
6.092 3.893 11.337 0.000 0.000 0.000 1000000759174227296256.000
30.856 21.550 21.242 0.000 0.000 0.000 999997902752194101248.000
40.648 17.991 16.433 0.000 0.000 0.000 999999317327492284416.000
16.471 17.601 3.618 0.000 0.000 0.000 1000000631261255696384.000
38.088 36.615 12.142 0.000 0.000 0.000 999999363637368061952.000
31.132 28.847 41.064 0.000 0.000 0.000 999997763440850239488.000
28.843 2.405 27.282 0.000 0.000 0.000 999998803863288020992.000
40.712 43.629 32.226 0.000 0.000 0.000 1000001104890893434880.000
41.906 43.808 5.731 0.000 0.000 0.000 999999726345346613248.000
31.767 34.368 19.425 0.000 0.000 0.000 1000001271142154240000.000
11.335 18.144 7.984 0.000 0.000 0.000 1000000321801801564160.000
7.413 22.403 20.060 0.000 0.000 0.000 1000000242121231564800.000
1.882 1.694 36.253 0.000 0.000 0.000 999998046825159983104.000
32.211 16.313 10.234 0.000 0.000 0.000 1000000505755207073792.000
29.188 18.253 21.222 0.000 0.000 0.000 999999369659792097280.000
18.015 33.429 11.259 0.000 0.000 0.000 1000001252465996988416.000
30.699 30.171 35.309 0.000 0.000 0.000 999999556626257412096.000
39.523 21.684 36.696 0.000 0.000 0.000 999999634858649976832.000
6.405 40.920 6.267 0.000 0.000 0.000 1000000491602922045440.000
3.967 36.540 42.583 0.000 0.000 0.000 999997986167581966336.000
42.132 31.202 7.881 0.000 0.000 0.000 999999494971668168704.000
15.441 31.203 40.749 0.000 0.000 0.000 1000000712353747697664.000
40.175 31.688 3.120 0.000 0.000 0.000 999999717525945712640.000
6.036 22.163 5.250 0.000 0.000 0.000 1000000882045812211712.000
24.107 40.678 32.439 0.000 0.000 0.000 999997979680746766336.000
17.875 28.650 18.068 0.000 0.000 0.000 1000001175217724325888.000
15.150 20.286 34.761 0.000 0.000 0.000 1000001144374372466688.000
27.898 39.756 27.211 0.000 0.000 0.000 1000000493091033448448.000
0.886 25.781 6.008 0.000 0.000 0.000 999998974722852257792.000
16.579 43.503 27.165 0.000 0.000 0.000 999999008758720102400.000
24.758 21.471 30.748 0.000 0.000 0.000 1000002131169844002816.000
17.411 3.551 23.677 0.000 0.000 0.000 1000000239863883235328.000